601019
002911
600903
002239
600677
300183
300726
300223
300414
300722
600933
600760
300725
300462
300413
300723
300639
000901
601313
300474
603703
300458
603661
603970
603076
603916
002912
603083
300721
002864
603605
603365
002261
603299
002214
601766
002049
002690
002245
601015
002670
600082
300345
300097
002843
300706
601137
000420
002497
603619
600862
600501
002102
603398
600208
603160
300077
600763
002323
002520
600029
002777
600581
000058
600855
300566
002478
300642
300656
601989
601699
600202
300424
600879
600770
300119
300711
002407
600745
603501
300603
600343
600655
600460
300710
002119
600171
603136
600740
601002
601088
300412
002355
603938
600228
600016
002729
002192
300618
300363
600990
600477
300053
600115
600850
600072
002113
603286
300347
002771
000001
002765
300064
300263
000012
000906
300238
300426
300009
300344
600071
600148
603337
002153
002128
002743
300353
600316
300479
002285
300699
002116
300046
300602
600093
002135
002436
002506
002715
002428
600206
603131
000881
300678
002246
300672
000639
600391
002901
601288
002016
002873
601890
600507
002079
300123
300589
000510
300327
300055
600028
002258
600038
600978
300388
300252
300719
601155
000670
600372
002151
601939
600621
300493
600528
002036
600007
603920
600338
300113
000768
601668
002265
300700
600345
000717
002402
000789
600482
000557
000516
300409
002806
300086
603077
002241
000952
300251
603517
300718
000519
002167
600698
600104
002400
300128
600350
300177
300287
002337
600416
300151
603268
601111
002023
601919
603690
002136
600184
002190
300623
600841
600893
002778
000679
603026
600495
601818
600175
002805
002773
000951
600851
601636
603330
300581
002813
300688
002281
601998
600782
601588
600550
300685
601988
300456
601369
300655
000738
603079
002028
600585
002371
600131
000018
600178
300691
000898
002863
603106
000983
601900
300279
600480
600808
002251
601718
600409
600845
600360
600461
002262
000932
600562
300346
002404
300464
300552
600221
300364
002338
600111
000938
002025
300114
002346
601333
002095
600499
002517
002464
002249
300606
300205
300244
601390
000733
603318
600030
600373
002518
600636
300337
600243
600693
600523
002007
002760
002846
300096
300668
600118
002185
600282
300377
002838
603959
300313
603226
300472
600000
000002
300063
603387
002124
603607
603500
300059
600522
600362
601857
002300
300648
300139
600435
002291
000561
300355
600765
002851
002071
300397
002661
600537
300398
601328
600780
002638
002809
300627
000933
300201
300415
600997
002176
603866
002044
603869
300295
300040
002247
601388
300366
603698
002038
002123
300429
000554
600756
600325
000099
002483
002339
300391
603912
000878
002514
300094
002733
300101
300607
002306
603978
601117
600348
601858
300489
600265
600641
002826
603601
300427
300554
002444
300469
002716
603037
601127
600965
300282
603579
601001
600592
603186
600125
603933
000929
000021
300065
600170
002818
300459
600547
002321
600711
002292
002326
600577
601398
600019
300182
600036
300117
600458
601186
603030
300461
601800
002319
000151
000626
600015
002688
600795
300629
300354
000831
300500
300045
600900
300164
300154
600827
002660
000586
002376
603118
002331
603968
002426
002372
600633
002349
300683
300616
300351
000096
002541
002193
002461
600569
300374
300480
000976
000059
000488
002584
603799
300037
300697
002350
600456
002598
002333
600971
601666
300543
300598
601599
600262
002307
600889
000697
603721
000856
600490
600037
600200
603383
002457
002858
002516
600058
600667
002065
002601
601225
600605
000761
600984
300145
002187
002271
601985
600330
000411
601166
600980
600983
600497
000060
600722
002354
300110
000751
600399
603928
002316
300184
002056
300075
603168
600009
300423
601101
002649
002230
300324
300322
600846
600792
300081
600400
601611
603508
002361
000506
002542
000937
600337
300673
603488
300047
300014
002416
600601
000887
002253
002713
601899
300367
000055
002068
300667
002035
600397
603006
300657
600117
603222
300547
300635
002358
300036
300135
600392
002488
002125
300689
002055
600318
300563
002080
600811
002829
603885
600814
000524
000797
600640
601098
300291
600836
002896
600617
000590
300661
000709
600459
300256
300001
300343
300394
601898
002047
603825
300133
002342
300248
300508
300568
000985
300228
000801
300495
300604
002664
002635
600598
600606
300526
600973
601169
300342
600297
300452
601618
002543
000633
002370
300696
300541
000970
300297
600787
300619
002639
600010
600588
600696
600648
002377
002302
600567
002353
600558
300073
300338
603993
601966
300044
002590
300170
300087
002709
300556
300275
002013
000630
601212
600778
002699
000711
002360
002268
002665
300665
002680
002111
002118
002156
000605
000958
002621
000600
300268
002678
000068
002378
000565
000049
300450
002091
600642
603888
300078
603020
300340
002588
002768
300470
000560
002320
600185
000949
002218
300200
002899
000582
603328
000980
600240
300303
000691
603336
600615
300576
600367
002529
002037
002051
300535
600583
600498
603232
300370
000066
002828
600256
600234
600661
300686
002396
000959
601006
000962
300181
600379
600548
600269
002501
300325
603637
300026
000826
000923
000708
600139
300525
300650
002568
000407
603197
000726
600489
300270
300011
300460
002494
002322
002795
002589
601608
300120
002212
601000
300605
002725
600720
002042
300016
002092
002001
601992
300029
603111
300359
300477
000811
300105
600106
002888
002237
002545
600802
000062
002672
000963
000570
000883
002067
300553
600535
601011
002330
300550
000529
300405
603043
603991
600033
300236
300020
002421
300538
603860
600353
603229
603269
002134
002616
600212
300179
002356
601808
300498
601688
002667
600020
601801
603218
300212
600731
600604
002432
600255
002104
300651
000061
300072
002014
300002
601918
002204
600270
002149
000928
600247
600718
300155
002622
300258
002389
300231
601339
600919
600876
600398
600651
002152
002238
002857
300237
300690
600967
300638
000777
600395
600368
000030
600536
600068
002282
002386
300022
603017
600767
600078
600730
000553
600694
603566
300702
600192
000558
002564
300168
300520
600847
603819
000778
000533
002242
601958
600123
300220
002222
300546
600546
300178
000422
600999
000909
600428
600410
600496
603167
002880
002296
600810
600064
000807
603311
600376
002039
002645
603005
600307
300481
002594
601669
000859
000920
603969
600674
600516
002832
000089
000046
000069
000009
601872
603678
300465
002158
600114
300443
002288
002226
600759
603323
601179
600800
300233
002509
600366
300486
300712
300137
002259
002069
600549
002318
600429
002034
300663
002862
300428
002368
600843
600589
300162
002032
603688
300507
300242
601311
603578
002681
300358
600210
600100
002045
000825
000156
300021
002086
002293
600126
300531
300654
600322
600531
300587
300290
002235
002033
300573
600884
002546
600643
002523
300012
603918
300446
300007
000026
000611
300306
002684
002155
002540
601106
002627
300703
600875
002374
002583
600271
002351
300288
300247
601168
000897
300329
600136
300593
300679
002058
600231
002466
002090
601118
300150
002380
002409
000802
002553
600386
000965
300641
600081
300213
600232
601028
000868
600259
603335
002824
300300
600026
600268
000915
002468
000419
002425
603019
000428
300315
300348
601211
002527
603963
300399
600679
000796
603615
600067
600466
600137
300076
600444
300048
002752
603227
600333
000758
600363
603538
600022
600917
000523
600688
603001
002114
600436
600355
300386
603730
600188
002066
002560
600831
002510
000502
603021
002335
603496
600059
000776
002633
002867
002017
300052
600766
000656
000603
300080
600057
600177
603188
600635
000655
603038
300277
002340
002790
603067
600302
600080
300586
600714
300141
300378
000413
002827
002278
300004
002636
002313
600021
600526
300645
002455
000762
002852
000545
300559
002810
600285
300533
300660
600727
002499
002395
601258
002789
600880
300517
300579
300050
600891
002260
002232
603100
300447
300339
000993
300057
600764
002745
600652
600988
002877
000402
600250
300379
601126
603166
002275
603878
600966
600069
600987
600825
600737
600335
601880
002512
002502
600283
603990
002505
002343
603169
000698
000008
300262
002895
002609
300468
002637
600863
603189
002524
603380
002748
600551
600091
300199
300637
300609
002205
603050
002186
300214
603901
603882
000880
300432
000023
002172
300099
300599
000785
600883
002460
600308
000576
600726
603616
000917
000973
300583
300503
600317
600097
000043
603126
002063
600624
000665
600628
002327
600676
600406
300380
002437
000552
002839
600892
600777
601866
601727
000735
000701
601518
600219
300557
000063
002311
002613
603787
002836
603199
603158
002022
300266
601788
300225
300518
000922
002656
002574
603123
600678
000702
600017
002388
600048
600794
601010
600895
002807
600908
300422
600163
002057
002735
601009
300172
601689
000960
600701
601113
601991
601107
603987
300108
300652
002093
000338
300610
603389
600500
300245
300625
300215
600582
000919
603015
300709
603239
603839
300333
000813
000780
600830
000996
000829
300591
002391
603716
601519
603357
603633
002763
000534
600894
002005
300438
000612
000662
600225
600977
603788
000668
002750
300530
002284
600008
002815
002698
600979
002528
000793
600668
002569
600717
002169
002550
300448
600143
600155
603069
600448
600657
603630
000530
600153
000599
300227
300549
600981
002705
600926
600508
002835
600962
002701
300434
000632
603758
000837
300006
603333
600817
002565
601158
300314
300319
002533
300165
603101
002779
300509
300175
002532
000601
300400
000617
601997
002220
300084
600768
600151
603012
600864
300390
600327
300670
300074
000968
600872
601139
002188
002073
000619
603679
300127
002182
300092
603906
300537
002604
300202
600203
002164
600820
002224
000426
600452
600284
002196
002644
600570
600857
002630
600149
603203
002552
300249
000818
300293
603393
603838
603003
300336
603822
300540
002411
603139
603040
603159
300276
600750
600826
000400
603567
000635
000925
300280
600629
002435
002414
000065
600771
300442
002691
300669
000895
603656
603580
300482
603088
603986
603977
603960
603936
603843
603609
603608
603598
603588
603456
603300
603117
603039
603032
603008
601969
601619
601600
601515
601375
601326
601229
601226
601199
601128
601005
601003
600985
600890
600877
600870
600866
600856
600854
600829
600824
600823
600818
600790
600735
600733
600725
600715
600705
600685
600682
600673
600666
600664
600645
600634
600608
600587
600579
600578
600565
600532
600530
600503
600485
600470
600439
600423
600408
600405
600396
600378
600365
600336
600332
600328
600320
600311
600289
600273
600267
600257
600248
600246
600242
600239
600227
600213
600209
600199
600187
600169
600162
600161
600157
600150
600146
600145
600138
600086
600084
600074
600039
600035
600023
300729
300687
300680
300676
300666
300659
300612
300590
300580
300570
300561
300523
300492
300490
300483
300455
300444
300431
300420
300392
300384
300383
300376
300331
300310
300305
300301
300285
300278
300272
300267
300260
300240
300194
300187
300185
300180
300167
300163
300156
300153
300152
300149
300140
300132
300109
300106
300104
300091
300085
300079
300067
300039
300034
300028
300023
300018
300013
300010
300008
002913
002870
002855
002787
002770
002756
002740
002739
002738
002694
002683
002676
002675
002663
002650
002641
002625
002606
002593
002592
002580
002579
002578
002576
002575
002571
002556
002537
002535
002504
002500
002487
002481
002473
002470
002462
002453
002443
002438
002423
002413
002403
002398
002382
002379
002373
002357
002344
002312
002297
002289
002280
002272
002269
002263
002256
002255
002243
002219
002189
002168
002163
002160
002141
002131
002129
002110
002103
002098
002075
002074
002062
002026
002015
002012
001696
000995
000990
000981
000979
000971
000969
000955
000953
000939
000930
000927
000903
000900
000888
000886
000875
000850
000838
000836
000833
000820
000812
000806
000790
000757
000755
000739
000707
000700
000695
000693
000688
000683
000638
000608
000593
000592
000587
000585
000566
000555
000550
000547
000540
000526
000509
000504
000503
000425
000404
000403
000401
000056
000042
000035
000034
000031
000029
000022
000020
000019
000010
000007
000006
300578
603717
603665
300203
000999
600647
600706
002885
300445
603585
603639
300435
600446
002173
603421
002178
600198
300542
603696
002088
600848
603000
300219
603078
600158
300513
600449
300330
002802
002723
000685
002849
002030
603768
002479
600834
002072
600859
002270
300501
600422
600122
002474
002761
300289
603880
002433
300030
300633
002577
002301
002430
601965
600168
002303
603258
002451
002671
300521
002751
600329
002365
002267
002059
002817
002203
603399
600075
603178
002054
300160
600487
300522
002563
603757
002274
603018
000713
000731
002406
300204
002618
603808
300411
300049
600354
603669
002006
300032
600502
002642
002410
600622
002634
600098
002385
603676
300643
300647
002526
603818
603127
002147
603321
603002
000890
600869
002165
300332
002539
000027
600383
601579
603196
000721
300381
002314
002145
000637
001896
000150
603667
000166
603858
603055
002702
000650
300292
601366
600130
000598
002225
300143
600680
603011
002496
002666
600611
000090
600853
603958
002177
002418
300024
300484
300545
600555
000718
300584
000563
000680
300218
002783
002064
600557
603266
002559
000719
002703
300701
600433
600292
000036
601789
002367
600637
300281
002820
600797
600639
600626
300555
603817
300307
002146
600801
000416
600969
600420
300302
600356
300148
600868
000835
600129
002482
600190
600073
300027
600229
000597
002561
600478
002315
000876
000753
300193
600858
000429
300274
002685
002719
603313
300476
000616
002144
600251
002796
300111
600599
603699
002393
603611
300425
600758
600837
300382
300440
002084
300043
002458
300253
600996
600936
600757
002549
600510
300404
600312
000663
601058
600710
300082
300246
002498
002154
000931
002872
600736
600220
002252
002484
600476
600543
600377
600958
002689
600995
300169
601886
300368
002099
603855
601798
300636
300217
300025
002868
002452
600662
300653
002150
002117
002408
603298
002112
000882
000667
603066
600885
000301
603727
603806
300418
002599
300241
000795
600260
603041
600871
300019
002041
002772
002029
000729
002078
000978
600179
002031
300365
601012
600533
600653
002682
000732
601996
600561
600107
002180
000581
002390
000609
002424
000417
603707
603979
600538
002632
300161
300402
000625
601007
002892
600381
300626
600886
603331
600105
000543
600004
002325
601038
002801
600563
600385
000877
002614
000539
603559
601500
601595
600539
300211
002581
002610
300569
002137
600594
300259
000572
600568
002133
600687
603766
002792
600172
600315
002171
300296
600403
603116
002305
300350
600644
002101
600613
600897
002615
002345
601200
002310
002456
600586
000671
002776
000157
600959
002816
300224
002734
603803
300254
603181
603089
002471
603989
600275
002096
600481
603315
002445
601198
002759
601928
002359
600815
002100
600658
300157
000948
603010
603416
600748
600838
600108
002142
002108
603157
600684
300396
000040
002254
600575
603177
000961
000926
600279
600596
300516
603528
603859
002207
000507
603179
000615
002724
603133
603319
002405
002884
002557
000532
000722
600218
300529
002493
600006
601616
300519
002850
603606
002749
601099
601018
600425
002898
002658
002566
002106
603823
000418
600663
000893
603029
002788
601218
000816
600101
300596
000911
601021
002448
300631
300015
002459
300239
603816
002485
600110
600222
002891
600844
603288
000916
600572
300003
002736
601020
603909
603797
601555
300320
600703
603036
002480
600306
002328
300658
000070
300257
603129
603113
600865
002011
600299
600509
002162
002712
601163
300286
300621
603385
000037
600595
002465
300234
600475
000536
002597
600493
002595
603099
600050
300299
601177
300265
000997
600393
603738
600180
603367
600773
600085
000652
603999
300269
000421
601377
000589
600189
600612
600571
600986
002882
000004
603033
000613
000682
600109
600195
000538
600276
000501
601700
002130
002657
603985
603618
300485
603098
000606
300216
300478
300682
002449
600560
300103
603767
600888
600691
002503
300671
300512
601929
002183
300051
002213
002107
600833
300487
000767
601677
600281
600505
300191
300124
300356
600389
300632
600290
603612
300575
600053
300318
603776
002538
002052
300197
002244
000892
600665
603726
002174
603789
002800
002674
002002
603660
000966
002865
000159
300171
600027
600744
603980
000541
603889
002707
603536
002659
000088
002475
600321
600992
000657
600881
002105
300166
300416
000788
000987
000153
002046
000905
000690
000595
300112
603778
002467
300515
002364
002221
601949
600103
600719
600713
600469
600743
300592
002786
300334
002774
002083
002060
300387
002652
002780
300403
603208
000573
000783
002161
002769
000703
002227
600861
600135
300640
300062
002679
600215
600692
002611
300147
603165
603996
300662
002897
300539
600882
600746
600616
300255
600819
002439
000863
300066
603689
600390
600401
600576
002489
002741
002558
600791
002673
603505
300005
600295
601016
002283
002412
603926
000869
600708
300058
600277
300283
002631
000848
600113
002889
002732
002201
300198
002309
300371
300230
603708
300439
300317
600623
300070
002587
002287
002363
600236
603007
002718
300273
002651
600590
600600
600121
600272
000048
300335
002812
000851
600156
600483
601116
002617
300083
000728
002082
600375
600370
002229
601228
603060
002519
000672
002803
000505
603138
300617
002692
600860
600898
600704
600960
002085
300210
300226
603718
002871
000752
002399
002050
600011
300588
000651
002531
600054
603976
300100
603022
600165
000622
002793
000551
603663
002097
002726
601188
000720
000584
600467
600094
600805
601216
601208
002555
000544
300138
000686
002231
600369
600083
002755
600603
002324
600340
002554
000715
600287
002757
600887
300041
000620
600160
300221
601811
600455
002728
002206
300222
300451
600252
603519
002336
002140
000791
002308
002612
603108
002903
600319
300698
600052
002143
600761
600835
300511
000899
002596
002876
000819
002352
603828
300142
600388
300089
600063
000760
002441
000528
600650
000623
002822
000782
300695
603499
002753
603225
002708
000766
002431
002697
002477
603035
600671
300620
600359
603638
002329
002791
002198
300600
600602
002429
002209
000423
603887
600784
600159
002521
300304
002394
002551
000032
603358
601968
002693
002199
603377
002334
603919
300264
300033
002208
600088
002605
603617
600723
600716
600288
300601
300190
002003
601238
002290
600237
002210
600649
600513
600300
000520
603515
002027
300389
601901
300352
300527
603586
600874
002277
002647
600738
000975
603025
600235
300499
002094
600675
002004
300326
002148
300615
000678
002875
002266
603922
603668
300582
601999
000822
300126
300510
300630
002562
002758
300532
000627
300102
000862
002866
603798
300417
601952
300577
603028
000727
600993
600896
600382
600867
300548
002122
002286
600721
600529
600690
600099
600597
300158
600211
300121
002747
000828
002347
000016
000957
002513
000673
002492
002211
000430
002401
603458
601633
600785
002233
002166
603701
300421
002861
600223
601558
600226
600132
300250
600462
603725
600798
600724
300298
300457
300188
002317
601318
002833
300419
603223
603081
002215
601881
603636
002175
002495
002440
600305
601717
600233
002184
002295
002061
600695
600609
600463
002646
600970
600816
600266
002200
000889
000610
603359
002825
600803
600182
600096
002332
600128
600371
000750
002053
300056
600620
603811
300488
300031
600133
600339
000852
601008
600796
300261
600361
000408
000548
300349
002905
600119
300441
000078
300572
000513
002170
600166
002515
603568
601233
002010
603881
000564
002179
603903
600076
603826
600630
300681
601231
002823
600525
000011
603908
603520
603577
002585
002767
603355
000710
600789
600774
000823
600310
600012
600683
000798
603569
300068
300192
300090
002586
000687
600963
300534
300328
000908
300136
600660
300069
002730
002181
300208
000792
002298
600261
600066
000525
603527
600776
600732
000521
300129
601567
600127
002687
002415
601368
600739
603535
603368
603677
000514
002472
300284
603320
600742
600303
600839
300144
002797
300536
300207
000517
300449
300707
300341
300506
002491
603518
603316
600511
600120
002700
300514
300035
000800
000712
603997
603557
002375
600812
603861
603042
300042
300622
300195
600873
300693
002197
000607
603595
600515
603801
600686
000705
002392
600387
600077
002490
600249
603063
300235
300471
002573
600512
600331
603813
002048
000666
002427
002900
603345
002442
002121
300562
000661
300385
600323
000158
000982
300611
002582
300436
600769
600055
002845
600755
000050
002890
002869
300466
000518
600241
601777
002608
000967
300095
000936
002276
300316
603378
603800
600089
000810
600217
300430
000546
603603
002024
600573
603326
002881
603898
300715
600293
600062
600939
002476
002040
000779
002654
002126
600697
000885
002686
300677
002572
601566
001979
600781
002109
000972
600775
002628
603966
002819
603110
000803
002591
300491
600468
300571
603686
002662
000631
300116
300125
002762
000716
600807
002909
600975
603303
300107
600976
603031
600809
000628
002607
000005
603737
600301
600418
600051
000861
603599
002120
000659
002383
600982
002294
603558
600566
300189
002785
600173
603466
600520
000039
000571
600754
002089
600061
601069
600793
002463
600584
002454
603886
603277
600783
002721
002717
603388
600326
600654
002883
600207
603360
002348
002548
603728
002878
300093
002419
002446
600079
603309
300713
600556
000756
002727
600193
002624
600167
300312
600540
600230
300502
603085
603444
603198
300505
600707
600280
300628
300038
002856
600486
603090
300395
000998
600313
002648
002508
600095
002081
600060
002620
002811
603363
300494
002695
300118
300115
600734
600580
300206
601878
002195
002808
603628
600352
000045
000912
000415
601799
603507
002234
600909
002655
601933
000799
603777
603683
300174
603877
300271
002043
603096
300173
000333
603058
300705
002879
603555
002536
300597
300054
300410
300407
002668
600419
300362
002837
300497
600186
603779
002643
600961
600421
600749
000676
600751
603305
300608
002299
000815
300357
000677
000902
300311
600593
603338
002603
300595
603016
002127
601882
603386
300375
600152
300308
600753
002341
300232
600610
000531
603009
600619
002600
601222
002009
002567
002132
300229
000839
601108
002228
601908
000860
002766
300393
000988
600506
600309
300528
600699
002157
603238
000596
002420
002250
002530
000989
600358
300613
002547
000537
000669
300433
603369
300196
600521
000830
600527
600116
300565
603339
603233
000017
000100
002746
002362
603103
002191
002507
002602
002782
002840
300475
002279
600216
002369
002522
000028
603602
000498
600545
300401
000921
603998
000935
601336
002534
600552
600614
600491
600689
000591
600517
002798
300437
601601
603429
300692
000809
002781
000409
600518
002653
300131
002216
002706
600479
002544
600712
000736
002159
300463
002115
603086
600141
300467
002202
603027
603128
002722
002139
600346
600018
002669
002629
600638
600998
600804
000858
000977
601100
002737
600201
000723
002842
600238
600729
600070
600351
603396
601086
300294
600741
002677
603600
002775
601678
002434
603180
000725
002273
600415
002223
002076
002469
000038
002886
002848
000918
300017
601607
300321
002908
002731
000025
002841
600828
002821
603306
002486
300453
603829
002711
603939
300551
300130
603856
000821
600090
000737
300567
300134
002906
002397
300146
601628
600291
603366
600196
300558
600298
603833
300360
600426
002021
002859
300373
002450
603868
002366
603556
600031
002887
002019
002138
002696
002714
002742
002264
300122
300585
002417
300071
300406
002893
600488
000910
300560
300675
603023
002847
000759
600056
002853
002831
002902
002447
603308
000636
000568
002236
002387
600821
603260
603883
600747
002087
603929
002020
603899
600438
002217
300309
002623
600702
002384
002626
600519
600176
600681
002619
002570
603648
603955
603200
000681
002077
000559
601877
300209
600779
603533
300061
603900
603322
002008
600258
300243
002511
300098
600380
300496
603589
300408
000786
603289
300649
002248
603658
600618
002640
002304
603729
600728
002240
300716
300369
000410
600112
002070
000692
603722
300473
002422
002799
000567
002194
002860
603659
600197
600559
601888
002907
300159
603228
300088
300717
600278
300176
603183
603988
603278
603896
300720
600183
002018
000913
600822
603937
300323
002910
002830
300708
600191
002381
603626
000014
603879
000629
000511
000155
603917
603890
603848
603809
603711
603685
600806
600432
600025
300731
300730
300727
002917
002916
002915
000950
